MATRIX C (Output)

Method 03 (Thread Per Element) 

-------------------------------
4150 4300 4450 4600 4750 4900 5050 5200 5350 5500 
5710 6020 6330 6640 6950 7260 7570 7880 8190 8500 
1465 1530 1595 1660 1725 1790 1855 1920 1985 2050 
1990 2080 2170 2260 2350 2440 2530 2620 2710 2800 
2515 2630 2745 2860 2975 3090 3205 3320 3435 3550 
3040 3180 3320 3460 3600 3740 3880 4020 4160 4300 
3565 3730 3895 4060 4225 4390 4555 4720 4885 5050 
4090 4280 4470 4660 4850 5040 5230 5420 5610 5800 
4615 4830 5045 5260 5475 5690 5905 6120 6335 6550 
5140 5380 5620 5860 6100 6340 6580 6820 7060 7300 

-------------------------------
Execution Time = 2528 usec

-------------------------------
Number of Threads = 100

=====================================
Method 02 (Thread Per Row) 

-------------------------------
4150 4300 4450 4600 4750 4900 5050 5200 5350 5500 
5710 6020 6330 6640 6950 7260 7570 7880 8190 8500 
1465 1530 1595 1660 1725 1790 1855 1920 1985 2050 
1990 2080 2170 2260 2350 2440 2530 2620 2710 2800 
2515 2630 2745 2860 2975 3090 3205 3320 3435 3550 
3040 3180 3320 3460 3600 3740 3880 4020 4160 4300 
3565 3730 3895 4060 4225 4390 4555 4720 4885 5050 
4090 4280 4470 4660 4850 5040 5230 5420 5610 5800 
4615 4830 5045 5260 5475 5690 5905 6120 6335 6550 
5140 5380 5620 5860 6100 6340 6580 6820 7060 7300 

-------------------------------
Execution Time = 476 usec

-------------------------------
Number of Threads = 10

=====================================
Method 01 (Single Thread)

-------------------------------
4150 4300 4450 4600 4750 4900 5050 5200 5350 5500 
5710 6020 6330 6640 6950 7260 7570 7880 8190 8500 
1465 1530 1595 1660 1725 1790 1855 1920 1985 2050 
1990 2080 2170 2260 2350 2440 2530 2620 2710 2800 
2515 2630 2745 2860 2975 3090 3205 3320 3435 3550 
3040 3180 3320 3460 3600 3740 3880 4020 4160 4300 
3565 3730 3895 4060 4225 4390 4555 4720 4885 5050 
4090 4280 4470 4660 4850 5040 5230 5420 5610 5800 
4615 4830 5045 5260 5475 5690 5905 6120 6335 6550 
5140 5380 5620 5860 6100 6340 6580 6820 7060 7300 

-------------------------------
Execution Time = 2 usec

-------------------------------
Number of Threads = Just One :D
=====================================
